[General]

[Inputs]

[Outputs]

[Events]
evtInitStart		= e010
evtInitComp		= e011
evtEnablePosBuff	= e012
evtEnableUseLoadBuff	= e013
evtEnableUseUnloadBuff	= e014
evtUnloadComp		= e015

[Settings]
DryRun		= 0
Bypass		= 0
Simulate	= 0

dScaleX		= 105.261228
dScaleY		= 105.261228
dScaleZ		= 142.868022
dVelocityX	= 500.000000
dVelocityY	= 500.000000
dVelocityZ	= 500.000000
dSlowSpdX	= 50.000000
dSlowSpdY	= 50.000000
dSlowSpdZ	= 50.000000
dSWLimitPosX	= 1000.000000
dSWLimitPosY	= 1000.000000
dSWLimitPosZ	= 1000.000000
dSWLimitNegX	= -10.000000
dSWLimitNegY	= -10.000000
dSWLimitNegZ	= -10.000000

locLoad		= 17.015 107.998 152.287 0.000
locUnload	= 16.350 336.297 151.202 0.000
locBCR		= 156.088 348.096 0.000 0.000
locNG		= 237.058 82.110 39.001 0.000
locJig_00	= 830.078 784.182 52.909 0.000
locJig_01	= 730.147 784.176 52.921 0.000
locJig_02	= 630.217 784.169 52.933 0.000
locJig_03	= 515.297 784.161 52.946 0.000
locJig_04	= 415.367 784.154 52.958 0.000
locJig_05	= 315.436 784.147 52.970 0.000
locJig_06	= 200.516 784.139 52.983 0.000
locJig_07	= 100.586 784.132 52.995 0.000
locJig_08	= 0.656 784.125 53.007 0.000
locJig_09	= 830.160 524.843 52.863 0.000
locJig_10	= 730.229 524.837 52.874 0.000
locJig_11	= 630.299 524.830 52.886 0.000
locJig_12	= 515.379 524.822 52.900 0.000
locJig_13	= 414.882 524.505 52.188 0.000
locJig_14	= 315.510 524.153 52.916 0.000
locJig_15	= 200.055 524.106 52.923 0.000
locJig_16	= 100.664 524.049 52.937 0.000
locJig_17	= 0.732 524.248 52.951 0.000
locJig_18	= 830.239 262.233 52.804 0.000
locJig_19	= 730.307 262.718 52.818 0.000
locJig_20	= 630.375 262.214 52.825 0.000
locJig_21	= 530.442 261.796 52.839 0.000
locJig_22	= 430.519 261.502 52.853 0.000
locJig_23	= 830.325 2.176 52.769 0.000
locJig_24	= 730.394 2.169 52.781 0.000
locJig_25	= 630.464 2.162 52.793 0.000
locJig_26	= 530.534 2.155 52.804 0.000
locJig_27	= 430.595 1.387 52.804 0.000
