[General]

[Inputs]

[Outputs]

[Events]
evtInitStart		= e020
evtInitComp		= e021
evtEnablePosBuff	= e022
evtEnableUseLoadBuff	= e023
evtEnableUseUnloadBuff	= e024
evtUnloadComp		= e025

[Settings]
DryRun		= 0
Bypass		= 0
Simulate	= 0

dScaleX		= 105.261228
dScaleY		= 105.261228
dScaleZ		= 142.868022
dVelocityX	= 500.000000
dVelocityY	= 500.000000
dVelocityZ	= 500.000000
dSlowSpdX	= 50.000000
dSlowSpdY	= 50.000000
dSlowSpdZ	= 50.000000
dSWLimitPosX	= 1000.000000
dSWLimitPosY	= 1000.000000
dSWLimitPosZ	= 1000.000000
dSWLimitNegX	= -10.000000
dSWLimitNegY	= -10.000000
dSWLimitNegZ	= -10.000000

locLoad		= 814.602 106.354 152.637 0.000
locUnload	= 815.010 332.535 153.323 0.000
locBCR		= 671.833 337.513 0.000 0.000
locNG		= 590.901 81.692 41.801 0.000
locJig_00	= 830.477 783.698 53.553 0.000
locJig_01	= 730.636 783.720 53.461 0.000
locJig_02	= 630.795 783.741 53.369 0.000
locJig_03	= 515.977 783.766 53.263 0.000
locJig_04	= 416.136 783.788 53.171 0.000
locJig_05	= 316.295 783.810 53.080 0.000
locJig_06	= 201.478 783.835 52.974 0.000
locJig_07	= 101.637 783.857 52.882 0.000
locJig_08	= 1.796 783.878 52.790 0.000
locJig_09	= 830.890 523.880 53.384 0.000
locJig_10	= 730.592 523.897 53.280 0.000
locJig_11	= 630.384 523.916 53.189 0.000
locJig_12	= 516.002 523.165 53.084 0.000
locJig_13	= 416.549 523.970 53.002 0.000
locJig_14	= 315.909 523.992 52.902 0.000
locJig_15	= 201.888 523.336 53.483 0.000
locJig_16	= 101.481 524.030 53.686 0.000
locJig_17	= 2.208 524.060 52.621 0.000
locJig_18	= 401.989 262.157 52.817 0.000
locJig_19	= 302.148 262.179 52.726 0.000
locJig_20	= 202.306 262.201 52.634 0.000
locJig_21	= 102.465 262.222 52.542 0.000
locJig_22	= 2.624 262.244 52.450 0.000
locJig_23	= 402.405 0.341 52.647 0.000
locJig_24	= 302.563 0.362 52.555 0.000
locJig_25	= 202.722 0.384 52.463 0.000
locJig_26	= 102.881 0.406 52.371 0.000
locJig_27	= 3.040 0.428 52.279 0.000
